//12V
-12000	0	0
-4807	1045	1039
-4615	1090	1084
-4423	1135	1127
-4230	1179	1172
-4038	1225	1215
-3846	1267	1300
-3653	1312	1303
-3461	1356	1347
-3269	1399	1395
-3076	1443	1435
-2884	1489	1500
-2692	1532	1522
-2499	1576	1567
-2307	1620	1615
-2115	1666	1675
-1923	1710	1705
-1730	1754	1744
-1538	1798	1800
-1346	1850	1832
-1153	1886	1876
-961	1950	1921
-769	1975	1975
-576	2018	2010
-384	2062	2055
-192	2125	2098
0	2160	2152
192	2195	2188
384	2237	2236
576	2281	2275
769	2325	2319
961	2367	2375
1153	2412	2450
1346	2456	2452
1538	2500	2550
1730	2545	2540
1923	2589	2583
2115	2633	2626
2307	2678	2670
2500	2723	2714
2692	2767	2758
2884	2810	2850
3076	2855	2846
3269	2900	2891
3461	2944	2935
3653	3000	2978
3846	3031	3022
4038	3075	3066
4230	3119	3111
4423	3163	3155
4615	3207	3200
4807	3251	3243
5000	3295	3286
5192	3339	3330
5384	3383	3372
5576	3428	3416
5769	3471	3460
5961	3514	3501
6153	3550	3537
6346	3576	3566
6538	3596	3586
6730	3610	3600
6923	3623	3613
7115	3633	3623
7307	3641	3632
7500	3646	3640
7692	3656	3646
7884	3661	3653
8076	3664	3658
8269	3673	3661
8461	3675	3665
8653	3682	3665
8846	3685	3673
9038	3686	3674
9230	3690	3670
9423	3691	3679
9615	3694	3680
9807	3695	3682
9999	3697	3683
10192	3698	3685
10384	3700	3686
10576	3696	3687
10769	3699	3689
10961	3697	3695
11153	3699	3691
11346	3706	3690
11538	3708	3675
12000	4096	4096
//27V
-27000	0	0
-4807	1878	1869
-4615	1889	1880
-4423	1899	1890
-4230	1910	1901
-4038	1920	1911
-3846	1931	1922
-3653	1941	1933
-3461	1952	1975
-3269	1962	1953
-3076	1973	1964
-2884	1983	1975
-2692	1994	1985
-2499	2005	1995
-2307	2015	2050
-2115	2025	2017
-1923	2035	2027
-1730	2045	2037
-1538	2057	2048
-1346	2067	2059
-1153	2077	2070
-961	2088	2080
-769	2098	2091
-576	2110	2102
-384	2120	2112
-192	2130	2125
0	2142	2135
192	2150	2144
384	2161	2154
576	2171	2164
769	2182	2176
961	2192	2185
1153	2225	2197
1346	2213	2207
1538	2223	2218
1730	2233	2250
1923	2243	2238
2115	2254	2249
2307	2265	2259
2500	2275	2269
2692	2285	2280
2884	2295	2290
3076	2306	2300
3269	2316	2311
3461	2327	2321
3653	2337	2332
3846	2347	2342
4038	2358	2352
4230	2368	2363
4423	2378	2374
4615	2389	2384
4807	2399	2400
5000	2410	2425
5192	2420	2415
5384	2430	2425
5576	2441	2450
5769	2451	2446
5961	2462	2457
6153	2473	2467
6346	2483	2477
6538	2494	2488
6730	2504	2498
6923	2515	2509
7115	2525	2520
7307	2536	2530
7500	2546	2541
7692	2556	2550
7884	2567	2561
8076	2578	2572
8269	2588	2582
8461	2599	2592
8653	2610	2603
8846	2620	2613
9038	2631	2624
9230	2641	2635
9423	2652	2644
9615	2662	2654
9807	2673	2665
9999	2683	2675
10192	2694	2685
10384	2705	2695
10576	2715	2707
10769	2726	2717
10961	2736	2727
11153	2746	2737
11346	2757	2749
11538	2767	2759
11730	2778	2770
11923	2788	2780
12115	2799	2790
12307	2809	2855
12499	2820	2811
12692	2830	2822
12884	2841	2832
13076	2851	2842
13269	2861	2853
13461	2873	2875
13653	2883	2900
13846	2894	2884
14038	2904	2894
14230	2915	2904
14423	2925	2915
14615	2935	2925
14807	2946	2936
14999	2956	2947
15192	2967	2957
15384	2977	2968
15576	2988	2979
15769	2997	2988
15961	3009	3000
16153	3019	3010
16346	3030	3050
16538	3040	3031
16730	3051	3041
16923	3061	3052
17115	3072	3062
17307	3082	3072
17499	3092	3083
17692	3103	3094
17884	3111	3104
18076	3123	3115
18269	3134	3125
18461	3144	3136
18653	3155	3147
18846	3165	3157
19038	3175	3167
19230	3186	3178
19423	3196	3188
19615	3207	3200
19807	3217	3210
19999	3227	3219
20192	3238	3229
20384	3248	3240
20576	3258	3250
20769	3269	3260
20961	3280	3271
21153	3290	3281
21346	3300	3292
21538	3310	3302
21730	3321	3312
21923	3331	3321
22115	3342	3333
22307	3352	3343
22499	3363	3353
22692	3374	3364
22884	3384	3374
23076	3395	3384
23269	3405	3395
23461	3416	3405
23653	3426	3415
23846	3437	3425
24038	3447	3436
24230	3459	3446
24423	3469	3456
24615	3479	3467
24807	3490	3477
24999	3500	3487
25192	3510	3498
25384	3520	3507
25576	3530	3518
25769	3541	3528
25961	3550	3538
27000	4096	4096
